/*--------------------------------*- C++ -*----------------------------------*\
  =========                 |
  \\      /  F ield         | OpenFOAM: The Open Source CFD Toolbox
   \\    /   O peration     | Website:  https://openfoam.org
    \\  /    A nd           | Version:  11
     \\/     M anipulation  |
\*---------------------------------------------------------------------------*/
FoamFile
{
    format      ascii;
    class       labelList;
    location    "constant/region2/polyMesh";
    object      cellRegionAddressing;
}
// * * * * * * * * * * * * * * * * * * * * * * * * * * * * * * * * * * * * * //


800
(
297386
297389
297401
297403
298268
298272
298283
298285
299150
299154
299165
299167
300032
300036
300047
300049
300914
300918
300929
300931
301796
301800
301811
301813
302678
302682
302693
302695
303560
303564
303575
303577
304442
304446
304457
304459
305324
305328
305339
305341
306206
306210
306221
306223
307088
307092
307103
307105
307970
307974
307985
307987
308852
308856
308867
308869
309734
309738
309749
309751
310616
310620
310631
310633
311498
311502
311513
311515
312380
312384
312395
312397
313262
313266
313277
313279
314144
314148
314159
314161
315026
315030
315041
315043
315908
315912
315923
315925
316790
316794
316805
316807
317672
317676
317687
317689
318554
318558
318569
318571
319436
319440
319451
319453
320318
320322
320333
320335
321200
321204
321215
321217
322082
322086
322097
322099
322964
322968
322979
322981
323846
323850
323861
323863
324728
324732
324743
324745
325610
325614
325625
325627
326492
326496
326507
326509
327374
327378
327389
327391
328256
328260
328271
328273
329138
329142
329153
329155
330020
330024
330035
330037
330902
330906
330917
330919
331784
331788
331799
331801
332666
332670
332681
332683
333548
333552
333563
333565
334430
334434
334445
334447
335312
335316
335327
335329
336194
336198
336209
336211
337076
337080
337091
337093
337958
337962
337973
337975
338840
338844
338855
338857
339722
339726
339737
339739
340604
340608
340619
340621
341486
341490
341501
341503
342368
342372
342383
342385
343250
343254
343265
343267
344132
344136
344147
344149
345014
345018
345029
345031
345896
345900
345911
345913
346778
346782
346793
346795
347660
347664
347675
347677
348542
348546
348557
348559
349424
349428
349439
349441
350306
350310
350321
350323
351188
351192
351203
351205
352070
352074
352085
352087
352952
352956
352967
352969
353834
353838
353849
353851
354716
354720
354731
354733
355598
355602
355613
355615
356480
356484
356495
356497
357362
357366
357377
357379
358244
358248
358259
358261
359126
359130
359141
359143
360008
360012
360023
360025
360890
360894
360905
360907
361772
361776
361787
361789
362654
362658
362669
362671
363536
363540
363551
363553
364418
364422
364433
364435
365300
365304
365315
365317
366182
366186
366197
366199
367064
367068
367079
367081
367946
367950
367961
367963
368828
368832
368843
368845
369710
369714
369725
369727
370592
370596
370607
370609
371474
371478
371489
371491
372356
372360
372371
372373
373238
373242
373253
373255
374120
374124
374135
374137
375002
375006
375017
375019
375884
375888
375899
375901
376766
376770
376781
376783
377648
377652
377663
377665
378530
378534
378545
378547
379412
379416
379427
379429
380294
380298
380309
380311
381176
381180
381191
381193
382058
382062
382073
382075
382940
382944
382955
382957
383822
383826
383837
383839
384704
384708
384719
384721
385586
385590
385601
385603
386468
386472
386483
386485
387350
387354
387365
387367
388232
388236
388247
388249
389114
389118
389129
389131
389996
390000
390011
390013
390878
390882
390893
390895
391760
391764
391775
391777
392642
392646
392657
392659
393524
393528
393539
393541
394406
394410
394421
394423
395288
395292
395303
395305
396170
396174
396185
396187
397052
397056
397067
397069
397934
397938
397949
397951
398816
398820
398831
398833
399698
399702
399713
399715
400580
400584
400595
400597
401462
401466
401477
401479
402344
402348
402359
402361
403226
403230
403241
403243
404108
404112
404123
404125
404990
404994
405005
405007
405872
405876
405887
405889
406754
406758
406769
406771
407636
407640
407651
407653
408518
408522
408533
408535
409400
409404
409415
409417
410282
410286
410297
410299
411164
411168
411179
411181
412046
412050
412061
412063
412928
412932
412943
412945
413810
413814
413825
413827
414692
414696
414707
414709
415574
415578
415589
415591
416456
416460
416471
416473
417338
417342
417353
417355
418220
418224
418235
418237
419102
419106
419117
419119
419984
419988
419999
420001
420866
420870
420881
420883
421748
421752
421763
421765
422630
422634
422645
422647
423512
423516
423527
423529
424394
424398
424409
424411
425276
425280
425291
425293
426158
426162
426173
426175
427040
427044
427055
427057
427922
427926
427937
427939
428804
428808
428819
428821
429686
429690
429701
429703
430568
430572
430583
430585
431450
431454
431465
431467
432332
432336
432347
432349
433214
433218
433229
433231
434096
434100
434111
434113
434978
434982
434993
434995
435860
435864
435875
435877
436742
436746
436757
436759
437624
437628
437639
437641
438506
438510
438521
438523
439388
439392
439403
439405
440270
440274
440285
440287
441152
441156
441167
441169
442034
442038
442049
442051
442916
442920
442931
442933
443798
443802
443813
443815
444680
444684
444695
444697
445562
445566
445577
445579
446444
446448
446459
446461
447326
447330
447341
447343
448208
448212
448223
448225
449090
449094
449105
449107
449972
449976
449987
449989
450854
450858
450869
450871
451736
451740
451751
451753
452618
452622
452633
452635
453500
453504
453515
453517
454382
454386
454397
454399
455264
455268
455279
455281
456146
456150
456161
456163
457028
457032
457043
457045
457910
457914
457925
457927
458792
458796
458807
458809
459674
459678
459689
459691
460556
460560
460571
460573
461438
461442
461453
461455
462320
462324
462335
462337
463202
463206
463217
463219
464084
464088
464099
464101
464966
464970
464981
464983
465848
465852
465863
465865
466730
466734
466745
466747
467612
467616
467627
467629
468494
468498
468509
468511
469376
469380
469391
469393
470258
470262
470273
470275
471140
471144
471155
471157
472022
472026
472037
472039
472904
472908
472919
472921
)


// ************************************************************************* //
