/*--------------------------------*- C++ -*----------------------------------*\
  =========                 |
  \\      /  F ield         | OpenFOAM: The Open Source CFD Toolbox
   \\    /   O peration     | Website:  https://openfoam.org
    \\  /    A nd           | Version:  11
     \\/     M anipulation  |
\*---------------------------------------------------------------------------*/
FoamFile
{
    format      ascii;
    class       labelList;
    location    "constant/region2/polyMesh";
    object      faceRegionAddressing;
}
// * * * * * * * * * * * * * * * * * * * * * * * * * * * * * * * * * * * * * //


4001
(
1197293
1197301
1197329
1197331
1199642
1199650
1199677
1199679
1201990
1201998
1202025
1202027
1204338
1204346
1204373
1204375
1206686
1206694
1206721
1206723
1209034
1209042
1209069
1209071
1211382
1211390
1211417
1211419
1213730
1213738
1213765
1213767
1216078
1216086
1216113
1216115
1218426
1218434
1218461
1218463
1220774
1220782
1220809
1220811
1223122
1223130
1223157
1223159
1225470
1225478
1225505
1225507
1227818
1227826
1227853
1227855
1230166
1230174
1230201
1230203
1232514
1232522
1232549
1232551
1234862
1234870
1234897
1234899
1237210
1237218
1237245
1237247
1239558
1239566
1239593
1239595
1241906
1241914
1241941
1241943
1244254
1244262
1244289
1244291
1246602
1246610
1246637
1246639
1248950
1248958
1248985
1248987
1251298
1251306
1251333
1251335
1253646
1253654
1253681
1253683
1255994
1256002
1256029
1256031
1258342
1258350
1258377
1258379
1260690
1260698
1260725
1260727
1263038
1263046
1263073
1263075
1265386
1265394
1265421
1265423
1267734
1267742
1267769
1267771
1270082
1270090
1270117
1270119
1272430
1272438
1272465
1272467
1274778
1274786
1274813
1274815
1277126
1277134
1277161
1277163
1279474
1279482
1279509
1279511
1281822
1281830
1281857
1281859
1284170
1284178
1284205
1284207
1286518
1286526
1286553
1286555
1288866
1288874
1288901
1288903
1291214
1291222
1291249
1291251
1293562
1293570
1293597
1293599
1295910
1295918
1295945
1295947
1298258
1298266
1298293
1298295
1300606
1300614
1300641
1300643
1302954
1302962
1302989
1302991
1305302
1305310
1305337
1305339
1307650
1307658
1307685
1307687
1309998
1310006
1310033
1310035
1312346
1312354
1312381
1312383
1314694
1314702
1314729
1314731
1317042
1317050
1317077
1317079
1319390
1319398
1319425
1319427
1321738
1321746
1321773
1321775
1324086
1324094
1324121
1324123
1326434
1326442
1326469
1326471
1328782
1328790
1328817
1328819
1331130
1331138
1331165
1331167
1333478
1333486
1333513
1333515
1335826
1335834
1335861
1335863
1338174
1338182
1338209
1338211
1340522
1340530
1340557
1340559
1342870
1342878
1342905
1342907
1345218
1345226
1345253
1345255
1347566
1347574
1347601
1347603
1349914
1349922
1349949
1349951
1352262
1352270
1352297
1352299
1354610
1354618
1354645
1354647
1356958
1356966
1356993
1356995
1359306
1359314
1359341
1359343
1361654
1361662
1361689
1361691
1364002
1364010
1364037
1364039
1366350
1366358
1366385
1366387
1368698
1368706
1368733
1368735
1371046
1371054
1371081
1371083
1373394
1373402
1373429
1373431
1375742
1375750
1375777
1375779
1378090
1378098
1378125
1378127
1380438
1380446
1380473
1380475
1382786
1382794
1382821
1382823
1385134
1385142
1385169
1385171
1387482
1387490
1387517
1387519
1389830
1389838
1389865
1389867
1392178
1392186
1392213
1392215
1394526
1394534
1394561
1394563
1396874
1396882
1396909
1396911
1399222
1399230
1399257
1399259
1401570
1401578
1401605
1401607
1403918
1403926
1403953
1403955
1406266
1406274
1406301
1406303
1408614
1408622
1408649
1408651
1410962
1410970
1410997
1410999
1413310
1413318
1413345
1413347
1415658
1415666
1415693
1415695
1418006
1418014
1418041
1418043
1420354
1420362
1420389
1420391
1422702
1422710
1422737
1422739
1425050
1425058
1425085
1425087
1427398
1427406
1427433
1427435
1429746
1429754
1429781
1429783
1432094
1432102
1432129
1432131
1434442
1434450
1434477
1434479
1436790
1436798
1436825
1436827
1439138
1439146
1439173
1439175
1441486
1441494
1441521
1441523
1443834
1443842
1443869
1443871
1446182
1446190
1446217
1446219
1448530
1448538
1448565
1448567
1450878
1450886
1450913
1450915
1453226
1453234
1453261
1453263
1455574
1455582
1455609
1455611
1457922
1457930
1457957
1457959
1460270
1460278
1460305
1460307
1462618
1462626
1462653
1462655
1464966
1464974
1465001
1465003
1467314
1467322
1467349
1467351
1469662
1469670
1469697
1469699
1472010
1472018
1472045
1472047
1474358
1474366
1474393
1474395
1476706
1476714
1476741
1476743
1479054
1479062
1479089
1479091
1481402
1481410
1481437
1481439
1483750
1483758
1483785
1483787
1486098
1486106
1486133
1486135
1488446
1488454
1488481
1488483
1490794
1490802
1490829
1490831
1493142
1493150
1493177
1493179
1495490
1495498
1495525
1495527
1497838
1497846
1497873
1497875
1500186
1500194
1500221
1500223
1502534
1502542
1502569
1502571
1504882
1504890
1504917
1504919
1507230
1507238
1507265
1507267
1509578
1509586
1509613
1509615
1511926
1511934
1511961
1511963
1514274
1514282
1514309
1514311
1516622
1516630
1516657
1516659
1518970
1518978
1519005
1519007
1521318
1521326
1521353
1521355
1523666
1523674
1523701
1523703
1526014
1526022
1526049
1526051
1528362
1528370
1528397
1528399
1530710
1530718
1530745
1530747
1533058
1533066
1533093
1533095
1535406
1535414
1535441
1535443
1537754
1537762
1537789
1537791
1540102
1540110
1540137
1540139
1542450
1542458
1542485
1542487
1544798
1544806
1544833
1544835
1547146
1547154
1547181
1547183
1549494
1549502
1549529
1549531
1551842
1551850
1551877
1551879
1554190
1554198
1554225
1554227
1556538
1556546
1556573
1556575
1558886
1558894
1558921
1558923
1561234
1561242
1561269
1561271
1563582
1563590
1563617
1563619
1565930
1565938
1565965
1565967
1568278
1568286
1568313
1568315
1570626
1570634
1570661
1570663
1572974
1572982
1573009
1573011
1575322
1575330
1575357
1575359
1577670
1577678
1577705
1577707
1580018
1580026
1580053
1580055
1582366
1582374
1582401
1582403
1584714
1584722
1584749
1584751
1587062
1587070
1587097
1587099
1589410
1589418
1589445
1589447
1591758
1591766
1591793
1591795
1594106
1594114
1594141
1594143
1596454
1596462
1596489
1596491
1598802
1598810
1598837
1598839
1601150
1601158
1601185
1601187
1603498
1603506
1603533
1603535
1605846
1605854
1605881
1605883
1608194
1608202
1608229
1608231
1610542
1610550
1610577
1610579
1612890
1612898
1612925
1612927
1615238
1615246
1615273
1615275
1617586
1617594
1617621
1617623
1619934
1619942
1619969
1619971
1622282
1622290
1622317
1622319
1624630
1624638
1624665
1624667
1626978
1626986
1627013
1627015
1629326
1629334
1629361
1629363
1631674
1631682
1631709
1631711
1634022
1634030
1634057
1634059
1636370
1636378
1636405
1636407
1638718
1638726
1638753
1638755
1641066
1641074
1641101
1641103
1643414
1643422
1643449
1643451
1645762
1645770
1645797
1645799
1648110
1648118
1648145
1648147
1650458
1650466
1650493
1650495
1652806
1652814
1652841
1652843
1655154
1655162
1655189
1655191
1657502
1657510
1657537
1657539
1659850
1659858
1659885
1659887
1662198
1662206
1662233
1662235
1664474
1664482
1664509
2040816
2042179
-499159
-499178
-501854
-501873
-504549
-504568
-507244
-507263
-509939
-509958
-512634
-512653
-515329
-515348
-518024
-518043
-520719
-520738
-523414
-523433
-526109
-526128
-528804
-528823
-531499
-531518
-534194
-534213
-536889
-536908
-539584
-539603
-542279
-542298
-544974
-544993
-547669
-547688
-550364
-550383
-553059
-553078
-555754
-555773
-558449
-558468
-561144
-561163
-563839
-563858
-566534
-566553
-569229
-569248
-571924
-571943
-574619
-574638
-577314
-577333
-580009
-580028
-582704
-582723
-585399
-585418
-588094
-588113
-590789
-590808
-593484
-593503
-596179
-596198
-598874
-598893
-601569
-601588
-604264
-604283
-606959
-606978
-609654
-609673
-612349
-612368
-615044
-615063
-617739
-617758
-620434
-620453
-623129
-623148
-625824
-625843
-628519
-628538
-631214
-631233
-633909
-633928
-636604
-636623
-639299
-639318
-641994
-642013
-644689
-644708
-647384
-647403
-650079
-650098
-652774
-652793
-655469
-655488
-658164
-658183
-660859
-660878
-663554
-663573
-666249
-666268
-668944
-668963
-671639
-671658
-674334
-674353
-677029
-677048
-679724
-679743
-682419
-682438
-685114
-685133
-687809
-687828
-690504
-690523
-693199
-693218
-695894
-695913
-698589
-698608
-701284
-701303
-703979
-703998
-706674
-706693
-709369
-709388
-712064
-712083
-714759
-714778
-717454
-717473
-720149
-720168
-722844
-722863
-725539
-725558
-728234
-728253
-730929
-730948
-733624
-733643
-736319
-736338
-739014
-739033
-741709
-741728
-744404
-744423
-747099
-747118
-749794
-749813
-752489
-752508
-755184
-755203
-757879
-757898
-760574
-760593
-763269
-763288
-765964
-765983
-768659
-768678
-771354
-771373
-774049
-774068
-776744
-776763
-779439
-779458
-782134
-782153
-784829
-784848
-787524
-787543
-790219
-790238
-792914
-792933
-795609
-795628
-798304
-798323
-800999
-801018
-803694
-803713
-806389
-806408
-809084
-809103
-811779
-811798
-814474
-814493
-817169
-817188
-819864
-819883
-822559
-822578
-825254
-825273
-827949
-827968
-830644
-830663
-833339
-833358
-836034
-836053
-838729
-838748
-841424
-841443
-844119
-844138
-846814
-846833
-849509
-849528
-852204
-852223
-854899
-854918
-857594
-857613
-860289
-860308
-862984
-863003
-865679
-865698
-868374
-868393
-871069
-871088
-873764
-873783
-876459
-876478
-879154
-879173
-881849
-881868
-884544
-884563
-887239
-887258
-889934
-889953
-892629
-892648
-895324
-895343
-898019
-898038
-900714
-900733
-903409
-903428
-906104
-906123
-908799
-908818
-911494
-911513
-914189
-914208
-916884
-916903
-919579
-919598
-922274
-922293
-924969
-924988
-927664
-927683
-930359
-930378
-933054
-933073
-935749
-935768
-938444
-938463
-941139
-941158
-943834
-943853
-946529
-946548
-949224
-949243
-951919
-951938
-954614
-954633
-957309
-957328
-960004
-960023
-962699
-962718
-965394
-965413
-968089
-968108
-970784
-970803
-973479
-973498
-976174
-976193
-978869
-978888
-981564
-981583
-984259
-984278
-986954
-986973
-989649
-989668
-992344
-992363
-995039
-995058
-997734
-997753
-1000429
-1000448
-1003124
-1003143
-1005819
-1005838
-1008514
-1008533
-1011209
-1011228
-1013904
-1013923
-1016599
-1016618
-1019294
-1019313
-1021989
-1022008
-1024684
-1024703
-1027379
-1027398
-1030074
-1030093
-1032769
-1032788
-1035248
-1035265
-1197288
1197294
-1197298
-1197322
-1197326
1197330
-1199637
1199641
-1199646
-1199670
-1199674
1199678
-1201985
1201989
-1201994
-1202018
-1202022
1202026
-1204333
1204337
-1204342
-1204366
-1204370
1204374
-1206681
1206685
-1206690
-1206714
-1206718
1206722
-1209029
1209033
-1209038
-1209062
-1209066
1209070
-1211377
1211381
-1211386
-1211410
-1211414
1211418
-1213725
1213729
-1213734
-1213758
-1213762
1213766
-1216073
1216077
-1216082
-1216106
-1216110
1216114
-1218421
1218425
-1218430
-1218454
-1218458
1218462
-1220769
1220773
-1220778
-1220802
-1220806
1220810
-1223117
1223121
-1223126
-1223150
-1223154
1223158
-1225465
1225469
-1225474
-1225498
-1225502
1225506
-1227813
1227817
-1227822
-1227846
-1227850
1227854
-1230161
1230165
-1230170
-1230194
-1230198
1230202
-1232509
1232513
-1232518
-1232542
-1232546
1232550
-1234857
1234861
-1234866
-1234890
-1234894
1234898
-1237205
1237209
-1237214
-1237238
-1237242
1237246
-1239553
1239557
-1239562
-1239586
-1239590
1239594
-1241901
1241905
-1241910
-1241934
-1241938
1241942
-1244249
1244253
-1244258
-1244282
-1244286
1244290
-1246597
1246601
-1246606
-1246630
-1246634
1246638
-1248945
1248949
-1248954
-1248978
-1248982
1248986
-1251293
1251297
-1251302
-1251326
-1251330
1251334
-1253641
1253645
-1253650
-1253674
-1253678
1253682
-1255989
1255993
-1255998
-1256022
-1256026
1256030
-1258337
1258341
-1258346
-1258370
-1258374
1258378
-1260685
1260689
-1260694
-1260718
-1260722
1260726
-1263033
1263037
-1263042
-1263066
-1263070
1263074
-1265381
1265385
-1265390
-1265414
-1265418
1265422
-1267729
1267733
-1267738
-1267762
-1267766
1267770
-1270077
1270081
-1270086
-1270110
-1270114
1270118
-1272425
1272429
-1272434
-1272458
-1272462
1272466
-1274773
1274777
-1274782
-1274806
-1274810
1274814
-1277121
1277125
-1277130
-1277154
-1277158
1277162
-1279469
1279473
-1279478
-1279502
-1279506
1279510
-1281817
1281821
-1281826
-1281850
-1281854
1281858
-1284165
1284169
-1284174
-1284198
-1284202
1284206
-1286513
1286517
-1286522
-1286546
-1286550
1286554
-1288861
1288865
-1288870
-1288894
-1288898
1288902
-1291209
1291213
-1291218
-1291242
-1291246
1291250
-1293557
1293561
-1293566
-1293590
-1293594
1293598
-1295905
1295909
-1295914
-1295938
-1295942
1295946
-1298253
1298257
-1298262
-1298286
-1298290
1298294
-1300601
1300605
-1300610
-1300634
-1300638
1300642
-1302949
1302953
-1302958
-1302982
-1302986
1302990
-1305297
1305301
-1305306
-1305330
-1305334
1305338
-1307645
1307649
-1307654
-1307678
-1307682
1307686
-1309993
1309997
-1310002
-1310026
-1310030
1310034
-1312341
1312345
-1312350
-1312374
-1312378
1312382
-1314689
1314693
-1314698
-1314722
-1314726
1314730
-1317037
1317041
-1317046
-1317070
-1317074
1317078
-1319385
1319389
-1319394
-1319418
-1319422
1319426
-1321733
1321737
-1321742
-1321766
-1321770
1321774
-1324081
1324085
-1324090
-1324114
-1324118
1324122
-1326429
1326433
-1326438
-1326462
-1326466
1326470
-1328777
1328781
-1328786
-1328810
-1328814
1328818
-1331125
1331129
-1331134
-1331158
-1331162
1331166
-1333473
1333477
-1333482
-1333506
-1333510
1333514
-1335821
1335825
-1335830
-1335854
-1335858
1335862
-1338169
1338173
-1338178
-1338202
-1338206
1338210
-1340517
1340521
-1340526
-1340550
-1340554
1340558
-1342865
1342869
-1342874
-1342898
-1342902
1342906
-1345213
1345217
-1345222
-1345246
-1345250
1345254
-1347561
1347565
-1347570
-1347594
-1347598
1347602
-1349909
1349913
-1349918
-1349942
-1349946
1349950
-1352257
1352261
-1352266
-1352290
-1352294
1352298
-1354605
1354609
-1354614
-1354638
-1354642
1354646
-1356953
1356957
-1356962
-1356986
-1356990
1356994
-1359301
1359305
-1359310
-1359334
-1359338
1359342
-1361649
1361653
-1361658
-1361682
-1361686
1361690
-1363997
1364001
-1364006
-1364030
-1364034
1364038
-1366345
1366349
-1366354
-1366378
-1366382
1366386
-1368693
1368697
-1368702
-1368726
-1368730
1368734
-1371041
1371045
-1371050
-1371074
-1371078
1371082
-1373389
1373393
-1373398
-1373422
-1373426
1373430
-1375737
1375741
-1375746
-1375770
-1375774
1375778
-1378085
1378089
-1378094
-1378118
-1378122
1378126
-1380433
1380437
-1380442
-1380466
-1380470
1380474
-1382781
1382785
-1382790
-1382814
-1382818
1382822
-1385129
1385133
-1385138
-1385162
-1385166
1385170
-1387477
1387481
-1387486
-1387510
-1387514
1387518
-1389825
1389829
-1389834
-1389858
-1389862
1389866
-1392173
1392177
-1392182
-1392206
-1392210
1392214
-1394521
1394525
-1394530
-1394554
-1394558
1394562
-1396869
1396873
-1396878
-1396902
-1396906
1396910
-1399217
1399221
-1399226
-1399250
-1399254
1399258
-1401565
1401569
-1401574
-1401598
-1401602
1401606
-1403913
1403917
-1403922
-1403946
-1403950
1403954
-1406261
1406265
-1406270
-1406294
-1406298
1406302
-1408609
1408613
-1408618
-1408642
-1408646
1408650
-1410957
1410961
-1410966
-1410990
-1410994
1410998
-1413305
1413309
-1413314
-1413338
-1413342
1413346
-1415653
1415657
-1415662
-1415686
-1415690
1415694
-1418001
1418005
-1418010
-1418034
-1418038
1418042
-1420349
1420353
-1420358
-1420382
-1420386
1420390
-1422697
1422701
-1422706
-1422730
-1422734
1422738
-1425045
1425049
-1425054
-1425078
-1425082
1425086
-1427393
1427397
-1427402
-1427426
-1427430
1427434
-1429741
1429745
-1429750
-1429774
-1429778
1429782
-1432089
1432093
-1432098
-1432122
-1432126
1432130
-1434437
1434441
-1434446
-1434470
-1434474
1434478
-1436785
1436789
-1436794
-1436818
-1436822
1436826
-1439133
1439137
-1439142
-1439166
-1439170
1439174
-1441481
1441485
-1441490
-1441514
-1441518
1441522
-1443829
1443833
-1443838
-1443862
-1443866
1443870
-1446177
1446181
-1446186
-1446210
-1446214
1446218
-1448525
1448529
-1448534
-1448558
-1448562
1448566
-1450873
1450877
-1450882
-1450906
-1450910
1450914
-1453221
1453225
-1453230
-1453254
-1453258
1453262
-1455569
1455573
-1455578
-1455602
-1455606
1455610
-1457917
1457921
-1457926
-1457950
-1457954
1457958
-1460265
1460269
-1460274
-1460298
-1460302
1460306
-1462613
1462617
-1462622
-1462646
-1462650
1462654
-1464961
1464965
-1464970
-1464994
-1464998
1465002
-1467309
1467313
-1467318
-1467342
-1467346
1467350
-1469657
1469661
-1469666
-1469690
-1469694
1469698
-1472005
1472009
-1472014
-1472038
-1472042
1472046
-1474353
1474357
-1474362
-1474386
-1474390
1474394
-1476701
1476705
-1476710
-1476734
-1476738
1476742
-1479049
1479053
-1479058
-1479082
-1479086
1479090
-1481397
1481401
-1481406
-1481430
-1481434
1481438
-1483745
1483749
-1483754
-1483778
-1483782
1483786
-1486093
1486097
-1486102
-1486126
-1486130
1486134
-1488441
1488445
-1488450
-1488474
-1488478
1488482
-1490789
1490793
-1490798
-1490822
-1490826
1490830
-1493137
1493141
-1493146
-1493170
-1493174
1493178
-1495485
1495489
-1495494
-1495518
-1495522
1495526
-1497833
1497837
-1497842
-1497866
-1497870
1497874
-1500181
1500185
-1500190
-1500214
-1500218
1500222
-1502529
1502533
-1502538
-1502562
-1502566
1502570
-1504877
1504881
-1504886
-1504910
-1504914
1504918
-1507225
1507229
-1507234
-1507258
-1507262
1507266
-1509573
1509577
-1509582
-1509606
-1509610
1509614
-1511921
1511925
-1511930
-1511954
-1511958
1511962
-1514269
1514273
-1514278
-1514302
-1514306
1514310
-1516617
1516621
-1516626
-1516650
-1516654
1516658
-1518965
1518969
-1518974
-1518998
-1519002
1519006
-1521313
1521317
-1521322
-1521346
-1521350
1521354
-1523661
1523665
-1523670
-1523694
-1523698
1523702
-1526009
1526013
-1526018
-1526042
-1526046
1526050
-1528357
1528361
-1528366
-1528390
-1528394
1528398
-1530705
1530709
-1530714
-1530738
-1530742
1530746
-1533053
1533057
-1533062
-1533086
-1533090
1533094
-1535401
1535405
-1535410
-1535434
-1535438
1535442
-1537749
1537753
-1537758
-1537782
-1537786
1537790
-1540097
1540101
-1540106
-1540130
-1540134
1540138
-1542445
1542449
-1542454
-1542478
-1542482
1542486
-1544793
1544797
-1544802
-1544826
-1544830
1544834
-1547141
1547145
-1547150
-1547174
-1547178
1547182
-1549489
1549493
-1549498
-1549522
-1549526
1549530
-1551837
1551841
-1551846
-1551870
-1551874
1551878
-1554185
1554189
-1554194
-1554218
-1554222
1554226
-1556533
1556537
-1556542
-1556566
-1556570
1556574
-1558881
1558885
-1558890
-1558914
-1558918
1558922
-1561229
1561233
-1561238
-1561262
-1561266
1561270
-1563577
1563581
-1563586
-1563610
-1563614
1563618
-1565925
1565929
-1565934
-1565958
-1565962
1565966
-1568273
1568277
-1568282
-1568306
-1568310
1568314
-1570621
1570625
-1570630
-1570654
-1570658
1570662
-1572969
1572973
-1572978
-1573002
-1573006
1573010
-1575317
1575321
-1575326
-1575350
-1575354
1575358
-1577665
1577669
-1577674
-1577698
-1577702
1577706
-1580013
1580017
-1580022
-1580046
-1580050
1580054
-1582361
1582365
-1582370
-1582394
-1582398
1582402
-1584709
1584713
-1584718
-1584742
-1584746
1584750
-1587057
1587061
-1587066
-1587090
-1587094
1587098
-1589405
1589409
-1589414
-1589438
-1589442
1589446
-1591753
1591757
-1591762
-1591786
-1591790
1591794
-1594101
1594105
-1594110
-1594134
-1594138
1594142
-1596449
1596453
-1596458
-1596482
-1596486
1596490
-1598797
1598801
-1598806
-1598830
-1598834
1598838
-1601145
1601149
-1601154
-1601178
-1601182
1601186
-1603493
1603497
-1603502
-1603526
-1603530
1603534
-1605841
1605845
-1605850
-1605874
-1605878
1605882
-1608189
1608193
-1608198
-1608222
-1608226
1608230
-1610537
1610541
-1610546
-1610570
-1610574
1610578
-1612885
1612889
-1612894
-1612918
-1612922
1612926
-1615233
1615237
-1615242
-1615266
-1615270
1615274
-1617581
1617585
-1617590
-1617614
-1617618
1617622
-1619929
1619933
-1619938
-1619962
-1619966
1619970
-1622277
1622281
-1622286
-1622310
-1622314
1622318
-1624625
1624629
-1624634
-1624658
-1624662
1624666
-1626973
1626977
-1626982
-1627006
-1627010
1627014
-1629321
1629325
-1629330
-1629354
-1629358
1629362
-1631669
1631673
-1631678
-1631702
-1631706
1631710
-1634017
1634021
-1634026
-1634050
-1634054
1634058
-1636365
1636369
-1636374
-1636398
-1636402
1636406
-1638713
1638717
-1638722
-1638746
-1638750
1638754
-1641061
1641065
-1641070
-1641094
-1641098
1641102
-1643409
1643413
-1643418
-1643442
-1643446
1643450
-1645757
1645761
-1645766
-1645790
-1645794
1645798
-1648105
1648109
-1648114
-1648138
-1648142
1648146
-1650453
1650457
-1650462
-1650486
-1650490
1650494
-1652801
1652805
-1652810
-1652834
-1652838
1652842
-1655149
1655153
-1655158
-1655182
-1655186
1655190
-1657497
1657501
-1657506
-1657530
-1657534
1657538
-1659845
1659849
-1659854
-1659878
-1659882
1659886
-1662193
1662197
-1662202
-1662226
-1662230
1662234
-1664469
1664473
-1664478
-1664502
-1664506
1664510
-1036412
-1036422
-1037182
-1037195
-1037983
-1037996
-1038784
-1038797
-1039585
-1039598
-1040386
-1040399
-1041187
-1041200
-1041988
-1042001
-1042789
-1042802
-1043590
-1043603
-1044391
-1044404
-1045192
-1045205
-1045993
-1046006
-1046794
-1046807
-1047595
-1047608
-1048396
-1048409
-1049197
-1049210
-1049998
-1050011
-1050799
-1050812
-1051600
-1051613
-1052401
-1052414
-1053202
-1053215
-1054003
-1054016
-1054804
-1054817
-1055605
-1055618
-1056406
-1056419
-1057207
-1057220
-1058008
-1058021
-1058809
-1058822
-1059610
-1059623
-1060411
-1060424
-1061212
-1061225
-1062013
-1062026
-1062814
-1062827
-1063615
-1063628
-1064416
-1064429
-1065217
-1065230
-1066018
-1066031
-1066819
-1066832
-1067620
-1067633
-1068421
-1068434
-1069222
-1069235
-1070023
-1070036
-1070824
-1070837
-1071625
-1071638
-1072426
-1072439
-1073227
-1073240
-1074028
-1074041
-1074829
-1074842
-1075630
-1075643
-1076431
-1076444
-1077232
-1077245
-1078033
-1078046
-1078834
-1078847
-1079635
-1079648
-1080436
-1080449
-1081237
-1081250
-1082038
-1082051
-1082839
-1082852
-1083640
-1083653
-1084441
-1084454
-1085242
-1085255
-1086043
-1086056
-1086844
-1086857
-1087645
-1087658
-1088446
-1088459
-1089247
-1089260
-1090048
-1090061
-1090849
-1090862
-1091650
-1091663
-1092451
-1092464
-1093252
-1093265
-1094053
-1094066
-1094854
-1094867
-1095655
-1095668
-1096456
-1096469
-1097257
-1097270
-1098058
-1098071
-1098859
-1098872
-1099660
-1099673
-1100461
-1100474
-1101262
-1101275
-1102063
-1102076
-1102864
-1102877
-1103665
-1103678
-1104466
-1104479
-1105267
-1105280
-1106068
-1106081
-1106869
-1106882
-1107670
-1107683
-1108471
-1108484
-1109272
-1109285
-1110073
-1110086
-1110874
-1110887
-1111675
-1111688
-1112476
-1112489
-1113277
-1113290
-1114078
-1114091
-1114879
-1114892
-1115680
-1115693
-1116481
-1116494
-1117282
-1117295
-1118083
-1118096
-1118884
-1118897
-1119685
-1119698
-1120486
-1120499
-1121287
-1121300
-1122088
-1122101
-1122889
-1122902
-1123690
-1123703
-1124491
-1124504
-1125292
-1125305
-1126093
-1126106
-1126894
-1126907
-1127695
-1127708
-1128496
-1128509
-1129297
-1129310
-1130098
-1130111
-1130899
-1130912
-1131700
-1131713
-1132501
-1132514
-1133302
-1133315
-1134103
-1134116
-1134904
-1134917
-1135705
-1135718
-1136506
-1136519
-1137307
-1137320
-1138108
-1138121
-1138909
-1138922
-1139710
-1139723
-1140511
-1140524
-1141312
-1141325
-1142113
-1142126
-1142914
-1142927
-1143715
-1143728
-1144516
-1144529
-1145317
-1145330
-1146118
-1146131
-1146919
-1146932
-1147720
-1147733
-1148521
-1148534
-1149322
-1149335
-1150123
-1150136
-1150924
-1150937
-1151725
-1151738
-1152526
-1152539
-1153327
-1153340
-1154128
-1154141
-1154929
-1154942
-1155730
-1155743
-1156531
-1156544
-1157332
-1157345
-1158133
-1158146
-1158934
-1158947
-1159735
-1159748
-1160536
-1160549
-1161337
-1161350
-1162138
-1162151
-1162939
-1162952
-1163740
-1163753
-1164541
-1164554
-1165342
-1165355
-1166143
-1166156
-1166944
-1166957
-1167745
-1167758
-1168546
-1168559
-1169347
-1169360
-1170148
-1170161
-1170949
-1170962
-1171750
-1171763
-1172551
-1172564
-1173352
-1173365
-1174153
-1174166
-1174954
-1174967
-1175755
-1175768
-1176556
-1176569
-1177357
-1177370
-1178158
-1178171
-1178959
-1178972
-1179760
-1179773
-1180561
-1180574
-1181362
-1181375
-1182163
-1182176
-1182964
-1182977
-1183765
-1183778
-1184566
-1184579
-1185367
-1185380
-1186168
-1186181
-1186969
-1186982
-1187770
-1187783
-1188571
-1188584
-1189372
-1189385
-1190173
-1190186
-1190974
-1190987
-1191775
-1191788
-1192576
-1192589
-1193377
-1193390
-1194178
-1194191
-1194979
-1194992
-1195771
-1195784
-1197235
-1197245
-1197279
-1197285
-1197317
-1197319
-1199583
-1199593
-1199627
-1199633
-1199665
-1199667
-1201931
-1201941
-1201975
-1201981
-1202013
-1202015
-1204279
-1204289
-1204323
-1204329
-1204361
-1204363
-1206627
-1206637
-1206671
-1206677
-1206709
-1206711
-1208975
-1208985
-1209019
-1209025
-1209057
-1209059
-1211323
-1211333
-1211367
-1211373
-1211405
-1211407
-1213671
-1213681
-1213715
-1213721
-1213753
-1213755
-1216019
-1216029
-1216063
-1216069
-1216101
-1216103
-1218367
-1218377
-1218411
-1218417
-1218449
-1218451
-1220715
-1220725
-1220759
-1220765
-1220797
-1220799
-1223063
-1223073
-1223107
-1223113
-1223145
-1223147
-1225411
-1225421
-1225455
-1225461
-1225493
-1225495
-1227759
-1227769
-1227803
-1227809
-1227841
-1227843
-1230107
-1230117
-1230151
-1230157
-1230189
-1230191
-1232455
-1232465
-1232499
-1232505
-1232537
-1232539
-1234803
-1234813
-1234847
-1234853
-1234885
-1234887
-1237151
-1237161
-1237195
-1237201
-1237233
-1237235
-1239499
-1239509
-1239543
-1239549
-1239581
-1239583
-1241847
-1241857
-1241891
-1241897
-1241929
-1241931
-1244195
-1244205
-1244239
-1244245
-1244277
-1244279
-1246543
-1246553
-1246587
-1246593
-1246625
-1246627
-1248891
-1248901
-1248935
-1248941
-1248973
-1248975
-1251239
-1251249
-1251283
-1251289
-1251321
-1251323
-1253587
-1253597
-1253631
-1253637
-1253669
-1253671
-1255935
-1255945
-1255979
-1255985
-1256017
-1256019
-1258283
-1258293
-1258327
-1258333
-1258365
-1258367
-1260631
-1260641
-1260675
-1260681
-1260713
-1260715
-1262979
-1262989
-1263023
-1263029
-1263061
-1263063
-1265327
-1265337
-1265371
-1265377
-1265409
-1265411
-1267675
-1267685
-1267719
-1267725
-1267757
-1267759
-1270023
-1270033
-1270067
-1270073
-1270105
-1270107
-1272371
-1272381
-1272415
-1272421
-1272453
-1272455
-1274719
-1274729
-1274763
-1274769
-1274801
-1274803
-1277067
-1277077
-1277111
-1277117
-1277149
-1277151
-1279415
-1279425
-1279459
-1279465
-1279497
-1279499
-1281763
-1281773
-1281807
-1281813
-1281845
-1281847
-1284111
-1284121
-1284155
-1284161
-1284193
-1284195
-1286459
-1286469
-1286503
-1286509
-1286541
-1286543
-1288807
-1288817
-1288851
-1288857
-1288889
-1288891
-1291155
-1291165
-1291199
-1291205
-1291237
-1291239
-1293503
-1293513
-1293547
-1293553
-1293585
-1293587
-1295851
-1295861
-1295895
-1295901
-1295933
-1295935
-1298199
-1298209
-1298243
-1298249
-1298281
-1298283
-1300547
-1300557
-1300591
-1300597
-1300629
-1300631
-1302895
-1302905
-1302939
-1302945
-1302977
-1302979
-1305243
-1305253
-1305287
-1305293
-1305325
-1305327
-1307591
-1307601
-1307635
-1307641
-1307673
-1307675
-1309939
-1309949
-1309983
-1309989
-1310021
-1310023
-1312287
-1312297
-1312331
-1312337
-1312369
-1312371
-1314635
-1314645
-1314679
-1314685
-1314717
-1314719
-1316983
-1316993
-1317027
-1317033
-1317065
-1317067
-1319331
-1319341
-1319375
-1319381
-1319413
-1319415
-1321679
-1321689
-1321723
-1321729
-1321761
-1321763
-1324027
-1324037
-1324071
-1324077
-1324109
-1324111
-1326375
-1326385
-1326419
-1326425
-1326457
-1326459
-1328723
-1328733
-1328767
-1328773
-1328805
-1328807
-1331071
-1331081
-1331115
-1331121
-1331153
-1331155
-1333419
-1333429
-1333463
-1333469
-1333501
-1333503
-1335767
-1335777
-1335811
-1335817
-1335849
-1335851
-1338115
-1338125
-1338159
-1338165
-1338197
-1338199
-1340463
-1340473
-1340507
-1340513
-1340545
-1340547
-1342811
-1342821
-1342855
-1342861
-1342893
-1342895
-1345159
-1345169
-1345203
-1345209
-1345241
-1345243
-1347507
-1347517
-1347551
-1347557
-1347589
-1347591
-1349855
-1349865
-1349899
-1349905
-1349937
-1349939
-1352203
-1352213
-1352247
-1352253
-1352285
-1352287
-1354551
-1354561
-1354595
-1354601
-1354633
-1354635
-1356899
-1356909
-1356943
-1356949
-1356981
-1356983
-1359247
-1359257
-1359291
-1359297
-1359329
-1359331
-1361595
-1361605
-1361639
-1361645
-1361677
-1361679
-1363943
-1363953
-1363987
-1363993
-1364025
-1364027
-1366291
-1366301
-1366335
-1366341
-1366373
-1366375
-1368639
-1368649
-1368683
-1368689
-1368721
-1368723
-1370987
-1370997
-1371031
-1371037
-1371069
-1371071
-1373335
-1373345
-1373379
-1373385
-1373417
-1373419
-1375683
-1375693
-1375727
-1375733
-1375765
-1375767
-1378031
-1378041
-1378075
-1378081
-1378113
-1378115
-1380379
-1380389
-1380423
-1380429
-1380461
-1380463
-1382727
-1382737
-1382771
-1382777
-1382809
-1382811
-1385075
-1385085
-1385119
-1385125
-1385157
-1385159
-1387423
-1387433
-1387467
-1387473
-1387505
-1387507
-1389771
-1389781
-1389815
-1389821
-1389853
-1389855
-1392119
-1392129
-1392163
-1392169
-1392201
-1392203
-1394467
-1394477
-1394511
-1394517
-1394549
-1394551
-1396815
-1396825
-1396859
-1396865
-1396897
-1396899
-1399163
-1399173
-1399207
-1399213
-1399245
-1399247
-1401511
-1401521
-1401555
-1401561
-1401593
-1401595
-1403859
-1403869
-1403903
-1403909
-1403941
-1403943
-1406207
-1406217
-1406251
-1406257
-1406289
-1406291
-1408555
-1408565
-1408599
-1408605
-1408637
-1408639
-1410903
-1410913
-1410947
-1410953
-1410985
-1410987
-1413251
-1413261
-1413295
-1413301
-1413333
-1413335
-1415599
-1415609
-1415643
-1415649
-1415681
-1415683
-1417947
-1417957
-1417991
-1417997
-1418029
-1418031
-1420295
-1420305
-1420339
-1420345
-1420377
-1420379
-1422643
-1422653
-1422687
-1422693
-1422725
-1422727
-1424991
-1425001
-1425035
-1425041
-1425073
-1425075
-1427339
-1427349
-1427383
-1427389
-1427421
-1427423
-1429687
-1429697
-1429731
-1429737
-1429769
-1429771
-1432035
-1432045
-1432079
-1432085
-1432117
-1432119
-1434383
-1434393
-1434427
-1434433
-1434465
-1434467
-1436731
-1436741
-1436775
-1436781
-1436813
-1436815
-1439079
-1439089
-1439123
-1439129
-1439161
-1439163
-1441427
-1441437
-1441471
-1441477
-1441509
-1441511
-1443775
-1443785
-1443819
-1443825
-1443857
-1443859
-1446123
-1446133
-1446167
-1446173
-1446205
-1446207
-1448471
-1448481
-1448515
-1448521
-1448553
-1448555
-1450819
-1450829
-1450863
-1450869
-1450901
-1450903
-1453167
-1453177
-1453211
-1453217
-1453249
-1453251
-1455515
-1455525
-1455559
-1455565
-1455597
-1455599
-1457863
-1457873
-1457907
-1457913
-1457945
-1457947
-1460211
-1460221
-1460255
-1460261
-1460293
-1460295
-1462559
-1462569
-1462603
-1462609
-1462641
-1462643
-1464907
-1464917
-1464951
-1464957
-1464989
-1464991
-1467255
-1467265
-1467299
-1467305
-1467337
-1467339
-1469603
-1469613
-1469647
-1469653
-1469685
-1469687
-1471951
-1471961
-1471995
-1472001
-1472033
-1472035
-1474299
-1474309
-1474343
-1474349
-1474381
-1474383
-1476647
-1476657
-1476691
-1476697
-1476729
-1476731
-1478995
-1479005
-1479039
-1479045
-1479077
-1479079
-1481343
-1481353
-1481387
-1481393
-1481425
-1481427
-1483691
-1483701
-1483735
-1483741
-1483773
-1483775
-1486039
-1486049
-1486083
-1486089
-1486121
-1486123
-1488387
-1488397
-1488431
-1488437
-1488469
-1488471
-1490735
-1490745
-1490779
-1490785
-1490817
-1490819
-1493083
-1493093
-1493127
-1493133
-1493165
-1493167
-1495431
-1495441
-1495475
-1495481
-1495513
-1495515
-1497779
-1497789
-1497823
-1497829
-1497861
-1497863
-1500127
-1500137
-1500171
-1500177
-1500209
-1500211
-1502475
-1502485
-1502519
-1502525
-1502557
-1502559
-1504823
-1504833
-1504867
-1504873
-1504905
-1504907
-1507171
-1507181
-1507215
-1507221
-1507253
-1507255
-1509519
-1509529
-1509563
-1509569
-1509601
-1509603
-1511867
-1511877
-1511911
-1511917
-1511949
-1511951
-1514215
-1514225
-1514259
-1514265
-1514297
-1514299
-1516563
-1516573
-1516607
-1516613
-1516645
-1516647
-1518911
-1518921
-1518955
-1518961
-1518993
-1518995
-1521259
-1521269
-1521303
-1521309
-1521341
-1521343
-1523607
-1523617
-1523651
-1523657
-1523689
-1523691
-1525955
-1525965
-1525999
-1526005
-1526037
-1526039
-1528303
-1528313
-1528347
-1528353
-1528385
-1528387
-1530651
-1530661
-1530695
-1530701
-1530733
-1530735
-1532999
-1533009
-1533043
-1533049
-1533081
-1533083
-1535347
-1535357
-1535391
-1535397
-1535429
-1535431
-1537695
-1537705
-1537739
-1537745
-1537777
-1537779
-1540043
-1540053
-1540087
-1540093
-1540125
-1540127
-1542391
-1542401
-1542435
-1542441
-1542473
-1542475
-1544739
-1544749
-1544783
-1544789
-1544821
-1544823
-1547087
-1547097
-1547131
-1547137
-1547169
-1547171
-1549435
-1549445
-1549479
-1549485
-1549517
-1549519
-1551783
-1551793
-1551827
-1551833
-1551865
-1551867
-1554131
-1554141
-1554175
-1554181
-1554213
-1554215
-1556479
-1556489
-1556523
-1556529
-1556561
-1556563
-1558827
-1558837
-1558871
-1558877
-1558909
-1558911
-1561175
-1561185
-1561219
-1561225
-1561257
-1561259
-1563523
-1563533
-1563567
-1563573
-1563605
-1563607
-1565871
-1565881
-1565915
-1565921
-1565953
-1565955
-1568219
-1568229
-1568263
-1568269
-1568301
-1568303
-1570567
-1570577
-1570611
-1570617
-1570649
-1570651
-1572915
-1572925
-1572959
-1572965
-1572997
-1572999
-1575263
-1575273
-1575307
-1575313
-1575345
-1575347
-1577611
-1577621
-1577655
-1577661
-1577693
-1577695
-1579959
-1579969
-1580003
-1580009
-1580041
-1580043
-1582307
-1582317
-1582351
-1582357
-1582389
-1582391
-1584655
-1584665
-1584699
-1584705
-1584737
-1584739
-1587003
-1587013
-1587047
-1587053
-1587085
-1587087
-1589351
-1589361
-1589395
-1589401
-1589433
-1589435
-1591699
-1591709
-1591743
-1591749
-1591781
-1591783
-1594047
-1594057
-1594091
-1594097
-1594129
-1594131
-1596395
-1596405
-1596439
-1596445
-1596477
-1596479
-1598743
-1598753
-1598787
-1598793
-1598825
-1598827
-1601091
-1601101
-1601135
-1601141
-1601173
-1601175
-1603439
-1603449
-1603483
-1603489
-1603521
-1603523
-1605787
-1605797
-1605831
-1605837
-1605869
-1605871
-1608135
-1608145
-1608179
-1608185
-1608217
-1608219
-1610483
-1610493
-1610527
-1610533
-1610565
-1610567
-1612831
-1612841
-1612875
-1612881
-1612913
-1612915
-1615179
-1615189
-1615223
-1615229
-1615261
-1615263
-1617527
-1617537
-1617571
-1617577
-1617609
-1617611
-1619875
-1619885
-1619919
-1619925
-1619957
-1619959
-1622223
-1622233
-1622267
-1622273
-1622305
-1622307
-1624571
-1624581
-1624615
-1624621
-1624653
-1624655
-1626919
-1626929
-1626963
-1626969
-1627001
-1627003
-1629267
-1629277
-1629311
-1629317
-1629349
-1629351
-1631615
-1631625
-1631659
-1631665
-1631697
-1631699
-1633963
-1633973
-1634007
-1634013
-1634045
-1634047
-1636311
-1636321
-1636355
-1636361
-1636393
-1636395
-1638659
-1638669
-1638703
-1638709
-1638741
-1638743
-1641007
-1641017
-1641051
-1641057
-1641089
-1641091
-1643355
-1643365
-1643399
-1643405
-1643437
-1643439
-1645703
-1645713
-1645747
-1645753
-1645785
-1645787
-1648051
-1648061
-1648095
-1648101
-1648133
-1648135
-1650399
-1650409
-1650443
-1650449
-1650481
-1650483
-1652747
-1652757
-1652791
-1652797
-1652829
-1652831
-1655095
-1655105
-1655139
-1655145
-1655177
-1655179
-1657443
-1657453
-1657487
-1657493
-1657525
-1657527
-1659791
-1659801
-1659835
-1659841
-1659873
-1659875
-1662139
-1662149
-1662183
-1662189
-1662221
-1662223
-1664421
-1664431
-1664462
-1664466
-1664497
-1664499
)


// ************************************************************************* //
