/*--------------------------------*- C++ -*----------------------------------*\
  =========                 |
  \\      /  F ield         | OpenFOAM: The Open Source CFD Toolbox
   \\    /   O peration     | Website:  https://openfoam.org
    \\  /    A nd           | Version:  11
     \\/     M anipulation  |
\*---------------------------------------------------------------------------*/
FoamFile
{
    format      ascii;
    class       labelList;
    location    "constant/region2/polyMesh";
    object      pointRegionAddressing;
}
// * * * * * * * * * * * * * * * * * * * * * * * * * * * * * * * * * * * * * //


3204
(
140084
140549
141014
141479
141944
142409
142874
143339
143804
144269
144734
145199
145664
146129
146594
147059
147524
147989
148454
148919
149384
149849
150314
150779
151244
151709
152174
152639
153104
153569
154034
154499
154964
155429
155894
156359
156824
157289
157754
158219
158684
159149
159614
160079
160544
161009
161474
161939
162404
162869
163334
163799
164264
164729
165194
165659
166124
166589
167054
167519
167984
168449
168914
169379
169844
170309
170774
171239
171704
172169
172634
173099
173564
174029
174494
174959
175424
175889
176354
176819
177284
177749
178214
178679
179144
179609
180074
180539
181004
181469
181934
182399
182864
183329
183794
184259
184724
185189
185654
186119
186584
187049
187514
187979
188444
188909
189374
189839
190304
190769
191234
191699
192164
192629
193094
193559
194024
194489
194954
195419
195884
196349
196814
197279
197744
198209
198674
199139
199604
200069
200534
200999
201464
201929
202394
202859
203324
203789
204254
204719
205184
205649
206114
206579
207044
207509
207974
208439
208904
209369
209834
210299
210764
211229
211694
212159
212624
213089
213554
214019
214484
214949
215414
215879
216344
216809
217274
217739
218204
218669
219134
219599
220064
220529
220994
221459
221924
222389
222854
223319
223784
224249
224714
225179
225644
226109
226574
227039
227504
227969
228434
228899
229364
229829
230294
230759
231224
231689
232154
232619
232974
233333
233717
234101
234485
234869
235253
235637
236021
236405
236789
237173
237557
237941
238325
238709
239093
239477
239861
240245
240629
241013
241397
241781
242165
242549
242933
243317
243701
244085
244469
244853
245237
245621
246005
246389
246773
247157
247541
247925
248309
248693
249077
249461
249845
250229
250613
250997
251381
251765
252149
252533
252917
253301
253685
254069
254453
254837
255221
255605
255989
256373
256757
257141
257525
257909
258293
258677
259061
259445
259829
260213
260597
260981
261365
261749
262133
262517
262901
263285
263669
264053
264437
264821
265205
265589
265973
266357
266741
267125
267509
267893
268277
268661
269045
269429
269813
270197
270581
270965
271349
271733
272117
272501
272885
273269
273653
274037
274421
274805
275189
275573
275957
276341
276725
277109
277493
277877
278261
278645
279029
279413
279797
280181
280565
280949
281333
281717
282101
282485
282869
283253
283637
284021
284405
284789
285173
285557
285941
286325
286709
287093
287477
287861
288245
288629
289013
289397
289781
290165
290549
290933
291317
291701
292085
292469
292853
293237
293621
294005
294389
294773
295157
295541
295925
296309
296693
297077
297461
297845
298229
298613
298997
299381
299765
300149
300533
300917
301301
301685
302069
302453
302837
303221
303605
303989
304373
304757
305141
305525
305909
306293
306677
307061
307445
307829
308213
308597
308981
309365
309678
317437
317439
317563
317565
317689
317691
317815
317817
317941
317943
318067
318069
318193
318195
318319
318321
318445
318447
318571
318573
318697
318699
318823
318825
318949
318951
319075
319077
319201
319203
319327
319329
319453
319455
319579
319581
319705
319707
319831
319833
319957
319959
320083
320085
320209
320211
320335
320337
320461
320463
320587
320589
320713
320715
320839
320841
320965
320967
321091
321093
321217
321219
321343
321345
321469
321471
321595
321597
321721
321723
321847
321849
321973
321975
322099
322101
322225
322227
322351
322353
322477
322479
322603
322605
322729
322731
322855
322857
322981
322983
323107
323109
323233
323235
323359
323361
323485
323487
323611
323613
323737
323739
323863
323865
323989
323991
324115
324117
324241
324243
324367
324369
324493
324495
324619
324621
324745
324747
324871
324873
324997
324999
325123
325125
325249
325251
325375
325377
325501
325503
325627
325629
325753
325755
325879
325881
326005
326007
326131
326133
326257
326259
326383
326385
326509
326511
326635
326637
326761
326763
326887
326889
327013
327015
327139
327141
327265
327267
327391
327393
327517
327519
327643
327645
327769
327771
327895
327897
328021
328023
328147
328149
328273
328275
328399
328401
328525
328527
328651
328653
328777
328779
328903
328905
329029
329031
329155
329157
329281
329283
329407
329409
329533
329535
329659
329661
329785
329787
329911
329913
330037
330039
330163
330165
330289
330291
330415
330417
330541
330543
330667
330669
330793
330795
330919
330921
331045
331047
331171
331173
331297
331299
331423
331425
331549
331551
331675
331677
331801
331803
331927
331929
332053
332055
332179
332181
332305
332307
332431
332433
332557
332559
332683
332685
332809
332811
332935
332937
333061
333063
333187
333189
333313
333315
333439
333441
333565
333567
333691
333693
333817
333819
333943
333945
334069
334071
334195
334197
334321
334323
334447
334449
334573
334575
334699
334701
334825
334827
334951
334953
335077
335079
335203
335205
335329
335331
335455
335457
335581
335583
335707
335709
335833
335835
335959
335961
336085
336087
336211
336213
336337
336339
336463
336465
336589
336591
336715
336717
336841
336843
336967
336969
337093
337095
337219
337221
337345
337347
337471
337473
337597
337599
337723
337725
337849
337851
337975
337977
338101
338103
338227
338229
338353
338355
338479
338481
338605
338607
338731
338733
338857
338859
338983
338985
339109
339111
339235
339237
339361
339363
339487
339489
339613
339615
339739
339741
339865
339867
339991
339993
340117
340119
340243
340245
340369
340371
340495
340497
340621
340623
340747
340749
340873
340875
340999
341001
341125
341127
341251
341253
341377
341379
341503
341505
341629
341631
341755
341757
341881
341883
342007
342009
342133
342135
342259
342261
342385
342387
342511
342513
342650
342827
343020
343213
343406
343599
343792
343985
344178
344371
344564
344757
344950
345143
345336
345529
345722
345915
346108
346301
346494
346687
346880
347073
347266
347459
347652
347845
348038
348231
348424
348617
348810
349003
349196
349389
349582
349775
349968
350161
350354
350547
350740
350933
351126
351319
351512
351705
351898
352091
352284
352477
352670
352863
353056
353249
353442
353635
353828
354021
354214
354407
354600
354793
354986
355179
355372
355565
355758
355951
356144
356337
356530
356723
356916
357109
357302
357495
357688
357881
358074
358267
358460
358653
358846
359039
359232
359425
359618
359811
360004
360197
360390
360583
360776
360969
361162
361355
361548
361741
361934
362127
362320
362513
362706
362899
363092
363285
363478
363671
363864
364057
364250
364443
364636
364829
365022
365215
365408
365601
365794
365987
366180
366373
366566
366759
366952
367145
367338
367531
367724
367917
368110
368303
368496
368689
368882
369075
369268
369461
369654
369847
370040
370233
370426
370619
370812
371005
371198
371391
371584
371777
371970
372163
372356
372549
372742
372935
373128
373321
373514
373707
373900
374093
374286
374479
374672
374865
375058
375251
375444
375637
375830
376023
376216
376409
376602
376795
376988
377181
377374
377567
377760
377953
378146
378339
378532
378725
378918
379111
379304
379497
379690
379883
380076
380269
380462
380655
380848
381041
381216
381373
381538
381702
381866
382030
382194
382358
382522
382686
382850
383014
383178
383342
383506
383670
383834
383998
384162
384326
384490
384654
384818
384982
385146
385310
385474
385638
385802
385966
386130
386294
386458
386622
386786
386950
387114
387278
387442
387606
387770
387934
388098
388262
388426
388590
388754
388918
389082
389246
389410
389574
389738
389902
390066
390230
390394
390558
390722
390886
391050
391214
391378
391542
391706
391870
392034
392198
392362
392526
392690
392854
393018
393182
393346
393510
393674
393838
394002
394166
394330
394494
394658
394822
394986
395150
395314
395478
395642
395806
395970
396134
396298
396462
396626
396790
396954
397118
397282
397446
397610
397774
397938
398102
398266
398430
398594
398758
398922
399086
399250
399414
399578
399742
399906
400070
400234
400398
400562
400726
400890
401054
401218
401382
401546
401710
401874
402038
402202
402366
402530
402694
402858
403022
403186
403350
403514
403678
403842
404006
404170
404334
404498
404662
404826
404990
405154
405318
405482
405646
405810
405974
406138
406302
406466
406630
406794
406958
407122
407286
407450
407614
407778
407942
408106
408270
408434
408598
408762
408926
409090
409254
409418
409582
409746
409910
410074
410238
410402
410566
410730
410894
411058
411222
411386
411550
411714
411878
412042
412206
412370
412534
412698
412862
413026
413190
413354
413518
413682
413846
414010
414207
414209
414225
414494
414496
414497
414516
414817
414819
414820
414839
415140
415142
415143
415162
415463
415465
415466
415485
415786
415788
415789
415808
416109
416111
416112
416131
416432
416434
416435
416454
416755
416757
416758
416777
417078
417080
417081
417100
417401
417403
417404
417423
417724
417726
417727
417746
418047
418049
418050
418069
418370
418372
418373
418392
418693
418695
418696
418715
419016
419018
419019
419038
419339
419341
419342
419361
419662
419664
419665
419684
419985
419987
419988
420007
420308
420310
420311
420330
420631
420633
420634
420653
420954
420956
420957
420976
421277
421279
421280
421299
421600
421602
421603
421622
421923
421925
421926
421945
422246
422248
422249
422268
422569
422571
422572
422591
422892
422894
422895
422914
423215
423217
423218
423237
423538
423540
423541
423560
423861
423863
423864
423883
424184
424186
424187
424206
424507
424509
424510
424529
424830
424832
424833
424852
425153
425155
425156
425175
425476
425478
425479
425498
425799
425801
425802
425821
426122
426124
426125
426144
426445
426447
426448
426467
426768
426770
426771
426790
427091
427093
427094
427113
427414
427416
427417
427436
427737
427739
427740
427759
428060
428062
428063
428082
428383
428385
428386
428405
428706
428708
428709
428728
429029
429031
429032
429051
429352
429354
429355
429374
429675
429677
429678
429697
429998
430000
430001
430020
430321
430323
430324
430343
430644
430646
430647
430666
430967
430969
430970
430989
431290
431292
431293
431312
431613
431615
431616
431635
431936
431938
431939
431958
432259
432261
432262
432281
432582
432584
432585
432604
432905
432907
432908
432927
433228
433230
433231
433250
433551
433553
433554
433573
433874
433876
433877
433896
434197
434199
434200
434219
434520
434522
434523
434542
434843
434845
434846
434865
435166
435168
435169
435188
435489
435491
435492
435511
435812
435814
435815
435834
436135
436137
436138
436157
436458
436460
436461
436480
436781
436783
436784
436803
437104
437106
437107
437126
437427
437429
437430
437449
437750
437752
437753
437772
438073
438075
438076
438095
438396
438398
438399
438418
438719
438721
438722
438741
439042
439044
439045
439064
439365
439367
439368
439387
439688
439690
439691
439710
440011
440013
440014
440033
440334
440336
440337
440356
440657
440659
440660
440679
440980
440982
440983
441002
441303
441305
441306
441325
441626
441628
441629
441648
441949
441951
441952
441971
442272
442274
442275
442294
442595
442597
442598
442617
442918
442920
442921
442940
443241
443243
443244
443263
443564
443566
443567
443586
443887
443889
443890
443909
444210
444212
444213
444232
444533
444535
444536
444555
444856
444858
444859
444878
445179
445181
445182
445201
445502
445504
445505
445524
445825
445827
445828
445847
446148
446150
446151
446170
446471
446473
446474
446493
446794
446796
446797
446816
447117
447119
447120
447139
447440
447442
447443
447462
447763
447765
447766
447785
448086
448088
448089
448108
448409
448411
448412
448431
448732
448734
448735
448754
449055
449057
449058
449077
449378
449380
449381
449400
449701
449703
449704
449723
450024
450026
450027
450046
450347
450349
450350
450369
450670
450672
450673
450692
450993
450995
450996
451015
451316
451318
451319
451338
451639
451641
451642
451661
451962
451964
451965
451984
452285
452287
452288
452307
452608
452610
452611
452630
452931
452933
452934
452953
453254
453256
453257
453276
453577
453579
453580
453599
453900
453902
453903
453922
454223
454225
454226
454245
454546
454548
454549
454568
454869
454871
454872
454891
455192
455194
455195
455214
455515
455517
455518
455537
455838
455840
455841
455860
456161
456163
456164
456183
456484
456486
456487
456506
456807
456809
456810
456829
457130
457132
457133
457152
457453
457455
457456
457475
457776
457778
457779
457798
458099
458101
458102
458121
458422
458424
458425
458444
458745
458747
458748
458767
459068
459070
459071
459090
459391
459393
459394
459413
459714
459716
459717
459736
460037
460039
460040
460059
460360
460362
460363
460382
460683
460685
460686
460705
461006
461008
461009
461028
461329
461331
461332
461351
461652
461654
461655
461674
461975
461977
461978
461997
462298
462300
462301
462320
462621
462623
462624
462643
462944
462946
462947
462966
463267
463269
463270
463289
463590
463592
463593
463612
463913
463915
463916
463935
464236
464238
464239
464258
464559
464561
464562
464581
464882
464884
464885
464904
465205
465207
465208
465227
465528
465530
465531
465550
465851
465853
465854
465873
466174
466176
466177
466196
466497
466499
466500
466519
466820
466822
466823
466842
467143
467145
467146
467165
467466
467468
467469
467488
467789
467791
467792
467811
468112
468114
468115
468134
468435
468437
468438
468457
468758
468760
468761
468780
469081
469083
469084
469103
469404
469406
469407
469426
469727
469729
469730
469749
470050
470052
470053
470072
470373
470375
470376
470395
470696
470698
470699
470718
471019
471021
471022
471041
471342
471344
471345
471364
471665
471667
471668
471687
471988
471990
471991
472010
472311
472313
472314
472333
472634
472636
472637
472656
472957
472959
472960
472979
473280
473282
473283
473302
473603
473605
473606
473625
473926
473928
473929
473948
474249
474251
474252
474271
474572
474574
474575
474594
474895
474897
474898
474917
475218
475220
475221
475240
475541
475543
475544
475563
475864
475866
475867
475886
476187
476189
476190
476209
476510
476512
476513
476532
476833
476835
476836
476855
477156
477158
477159
477178
477479
477481
477482
477501
477802
477804
477805
477824
478125
478127
478128
478147
478448
478450
478451
478470
478707
478709
478866
479042
479228
479414
479600
479786
479972
480158
480344
480530
480716
480902
481088
481274
481460
481646
481832
482018
482204
482390
482576
482762
482948
483134
483320
483506
483692
483878
484064
484250
484436
484622
484808
484994
485180
485366
485552
485738
485924
486110
486296
486482
486668
486854
487040
487226
487412
487598
487784
487970
488156
488342
488528
488714
488900
489086
489272
489458
489644
489830
490016
490202
490388
490574
490760
490946
491132
491318
491504
491690
491876
492062
492248
492434
492620
492806
492992
493178
493364
493550
493736
493922
494108
494294
494480
494666
494852
495038
495224
495410
495596
495782
495968
496154
496340
496526
496712
496898
497084
497270
497456
497642
497828
498014
498200
498386
498572
498758
498944
499130
499316
499502
499688
499874
500060
500246
500432
500618
500804
500990
501176
501362
501548
501734
501920
502106
502292
502478
502664
502850
503036
503222
503408
503594
503780
503966
504152
504338
504524
504710
504896
505082
505268
505454
505640
505826
506012
506198
506384
506570
506756
506942
507128
507314
507500
507686
507872
508058
508244
508430
508616
508802
508988
509174
509360
509546
509732
509918
510104
510290
510476
510662
510848
511034
511220
511406
511592
511778
511964
512150
512336
512522
512708
512894
513080
513266
513452
513638
513824
514010
514196
514382
514568
514754
514940
515126
515312
515498
515684
515867
516136
516143
516147
516149
516152
516511
516518
516522
516524
516527
516886
516893
516897
516899
516902
517261
517268
517272
517274
517277
517636
517643
517647
517649
517652
518011
518018
518022
518024
518027
518386
518393
518397
518399
518402
518761
518768
518772
518774
518777
519136
519143
519147
519149
519152
519511
519518
519522
519524
519527
519886
519893
519897
519899
519902
520261
520268
520272
520274
520277
520636
520643
520647
520649
520652
521011
521018
521022
521024
521027
521386
521393
521397
521399
521402
521761
521768
521772
521774
521777
522136
522143
522147
522149
522152
522511
522518
522522
522524
522527
522886
522893
522897
522899
522902
523261
523268
523272
523274
523277
523636
523643
523647
523649
523652
524011
524018
524022
524024
524027
524386
524393
524397
524399
524402
524761
524768
524772
524774
524777
525136
525143
525147
525149
525152
525511
525518
525522
525524
525527
525886
525893
525897
525899
525902
526261
526268
526272
526274
526277
526636
526643
526647
526649
526652
527011
527018
527022
527024
527027
527386
527393
527397
527399
527402
527761
527768
527772
527774
527777
528136
528143
528147
528149
528152
528511
528518
528522
528524
528527
528886
528893
528897
528899
528902
529261
529268
529272
529274
529277
529636
529643
529647
529649
529652
530011
530018
530022
530024
530027
530386
530393
530397
530399
530402
530761
530768
530772
530774
530777
531136
531143
531147
531149
531152
531511
531518
531522
531524
531527
531886
531893
531897
531899
531902
532261
532268
532272
532274
532277
532636
532643
532647
532649
532652
533011
533018
533022
533024
533027
533386
533393
533397
533399
533402
533761
533768
533772
533774
533777
534136
534143
534147
534149
534152
534511
534518
534522
534524
534527
534886
534893
534897
534899
534902
535261
535268
535272
535274
535277
535636
535643
535647
535649
535652
536011
536018
536022
536024
536027
536386
536393
536397
536399
536402
536761
536768
536772
536774
536777
537136
537143
537147
537149
537152
537511
537518
537522
537524
537527
537886
537893
537897
537899
537902
538261
538268
538272
538274
538277
538636
538643
538647
538649
538652
539011
539018
539022
539024
539027
539386
539393
539397
539399
539402
539761
539768
539772
539774
539777
540136
540143
540147
540149
540152
540511
540518
540522
540524
540527
540886
540893
540897
540899
540902
541261
541268
541272
541274
541277
541636
541643
541647
541649
541652
542011
542018
542022
542024
542027
542386
542393
542397
542399
542402
542761
542768
542772
542774
542777
543136
543143
543147
543149
543152
543511
543518
543522
543524
543527
543886
543893
543897
543899
543902
544261
544268
544272
544274
544277
544636
544643
544647
544649
544652
545011
545018
545022
545024
545027
545386
545393
545397
545399
545402
545761
545768
545772
545774
545777
546136
546143
546147
546149
546152
546511
546518
546522
546524
546527
546886
546893
546897
546899
546902
547261
547268
547272
547274
547277
547636
547643
547647
547649
547652
548011
548018
548022
548024
548027
548386
548393
548397
548399
548402
548761
548768
548772
548774
548777
549136
549143
549147
549149
549152
549511
549518
549522
549524
549527
549886
549893
549897
549899
549902
550261
550268
550272
550274
550277
550636
550643
550647
550649
550652
551011
551018
551022
551024
551027
551386
551393
551397
551399
551402
551761
551768
551772
551774
551777
552136
552143
552147
552149
552152
552511
552518
552522
552524
552527
552886
552893
552897
552899
552902
553261
553268
553272
553274
553277
553636
553643
553647
553649
553652
554011
554018
554022
554024
554027
554386
554393
554397
554399
554402
554761
554768
554772
554774
554777
555136
555143
555147
555149
555152
555511
555518
555522
555524
555527
555886
555893
555897
555899
555902
556261
556268
556272
556274
556277
556636
556643
556647
556649
556652
557011
557018
557022
557024
557027
557386
557393
557397
557399
557402
557761
557768
557772
557774
557777
558136
558143
558147
558149
558152
558511
558518
558522
558524
558527
558886
558893
558897
558899
558902
559261
559268
559272
559274
559277
559636
559643
559647
559649
559652
560011
560018
560022
560024
560027
560386
560393
560397
560399
560402
560761
560768
560772
560774
560777
561136
561143
561147
561149
561152
561511
561518
561522
561524
561527
561886
561893
561897
561899
561902
562261
562268
562272
562274
562277
562636
562643
562647
562649
562652
563011
563018
563022
563024
563027
563386
563393
563397
563399
563402
563761
563768
563772
563774
563777
564136
564143
564147
564149
564152
564511
564518
564522
564524
564527
564886
564893
564897
564899
564902
565261
565268
565272
565274
565277
565636
565643
565647
565649
565652
566011
566018
566022
566024
566027
566386
566393
566397
566399
566402
566761
566768
566772
566774
566777
567136
567143
567147
567149
567152
567511
567518
567522
567524
567527
567886
567893
567897
567899
567902
568261
568268
568272
568274
568277
568636
568643
568647
568649
568652
569011
569018
569022
569024
569027
569386
569393
569397
569399
569402
569761
569768
569772
569774
569777
570136
570143
570147
570149
570152
570511
570518
570522
570524
570527
570886
570893
570897
570899
570902
571261
571268
571272
571274
571277
571636
571643
571647
571649
571652
572011
572018
572022
572024
572027
572386
572393
572397
572399
572402
572761
572768
572772
572774
572777
573136
573143
573147
573149
573152
573511
573518
573522
573524
573527
573886
573893
573897
573899
573902
574261
574268
574272
574274
574277
574636
574643
574647
574649
574652
575011
575018
575022
575024
575027
575386
575393
575397
575399
575402
575761
575768
575772
575774
575777
576136
576143
576147
576149
576152
576511
576518
576522
576524
576527
576886
576893
576897
576899
576902
577261
577268
577272
577274
577277
577636
577643
577647
577649
577652
578011
578018
578022
578024
578027
578386
578393
578397
578399
578402
578761
578768
578772
578774
578777
579136
579143
579147
579149
579152
579511
579518
579522
579524
579527
579886
579893
579897
579899
579902
580261
580268
580272
580274
580277
580636
580643
580647
580649
580652
581011
581018
581022
581024
581027
581386
581393
581397
581399
581402
581761
581768
581772
581774
581777
582136
582143
582147
582149
582152
582511
582518
582522
582524
582527
582886
582893
582897
582899
582902
583261
583268
583272
583274
583277
583636
583643
583647
583649
583652
584011
584018
584022
584024
584027
584386
584393
584397
584399
584402
584761
584768
584772
584774
584777
585136
585143
585147
585149
585152
585511
585518
585522
585524
585527
585886
585893
585897
585899
585902
586261
586268
586272
586274
586277
586636
586643
586647
586649
586652
587011
587018
587022
587024
587027
587386
587393
587397
587399
587402
587761
587768
587772
587774
587777
588136
588143
588147
588149
588152
588511
588518
588522
588524
588527
588886
588893
588897
588899
588902
589261
589268
589272
589274
589277
589636
589643
589647
589649
589652
590011
590018
590022
590024
590027
590386
590393
590397
590399
590402
590739
590745
590748
590750
592758
592840
)


// ************************************************************************* //
