/*--------------------------------*- C++ -*----------------------------------*\
  =========                 |
  \\      /  F ield         | OpenFOAM: The Open Source CFD Toolbox
   \\    /   O peration     | Website:  https://openfoam.org
    \\  /    A nd           | Version:  11
     \\/     M anipulation  |
\*---------------------------------------------------------------------------*/
FoamFile
{
    format      ascii;
    class       faceSet;
    location    "constant/polyMesh/sets";
    object      wrongFaces;
}
// * * * * * * * * * * * * * * * * * * * * * * * * * * * * * * * * * * * * * //


921
(
851974 
851988 
786510 
786511 
360544 
360546 
131188 
131190 
622814 
983318 
983319 
557350 
557351 
819622 
819637 
328135 
328137 
98779 
98781 
1212902 
754158 
754159 
1213026 
590477 
950966 
950967 
524998 
524999 
295726 
66370 
66372 
721806 
721807 
984076 
1213492 
918614 
492675 
263319 
33961 
754916 
689455 
951741 
460264 
460266 
886262 
230910 
1213971 
722566 
657102 
657103 
427857 
198499 
198501 
853910 
690229 
624750 
624751 
395448 
166090 
166092 
1214679 
887036 
887037 
821558 
657876 
2520 
1018366 
1018367 
592398 
592399 
363037 
363039 
133681 
133683 
854685 
789207 
625525 
2935 
330628 
101272 
101274 
986015 
560046 
560047 
3026 
3167 
756855 
3260 
298219 
298221 
1019126 
68865 
1019141 
593172 
953662 
953663 
527694 
527695 
789964 
724503 
265810 
265812 
36454 
36456 
560806 
921311 
3866 
462757 
462759 
692151 
233401 
233403 
954422 
888958 
888959 
725260 
430348 
430350 
200992 
200994 
659798 
659799 
922070 
922085 
856606 
856607 
397939 
397941 
168583 
168585 
1217184 
692925 
1217269 
627446 
627447 
824254 
365530 
365532 
136174 
136176 
660556 
660572 
1021062 
1021063 
595094 
595095 
1217768 
857366 
857381 
333121 
103765 
103767 
791902 
791903 
988710 
988711 
562742 
300714 
825012 
1218233 
71356 
71358 
1218286 
759550 
759551 
1021837 
956358 
530390 
268303 
268305 
38947 
38949 
792660 
727198 
727199 
6366 
6368 
989468 
989485 
1218908 
465250 
465252 
924006 
235894 
235896 
760310 
760325 
694846 
694847 
957116 
432841 
432843 
957132 
531150 
203487 
891654 
1219348 
1219441 
662494 
662495 
1219623 
400434 
171076 
171078 
924781 
859302 
695606 
499064 
630142 
368023 
368025 
138667 
892412 
826950 
826951 
1220211 
663269 
335614 
499455 
335616 
1023758 
1023759 
106258 
106260 
597790 
597791 
860077 
794598 
794599 
303205 
73849 
991406 
499888 
565438 
565439 
500030 
827724 
762246 
762247 
270796 
41440 
41442 
1024516 
1024532 
598548 
959054 
959055 
533086 
533087 
467745 
729894 
729895 
238387 
238389 
9031 
9033 
1221483 
1221489 
1221490 
992166 
926702 
926703 
763004 
435334 
435336 
763020 
205978 
205980 
697542 
959814 
533844 
533861 
894351 
402925 
402927 
173569 
173571 
730668 
665190 
927477 
861998 
370516 
370518 
141162 
698316 
632838 
632839 
895110 
895125 
338107 
338109 
829646 
829647 
108751 
108753 
1026454 
1026455 
600486 
600487 
305700 
862773 
76342 
76344 
797294 
797295 
994103 
568134 
273289 
273291 
43933 
43935 
830404 
764942 
764943 
502897 
1027212 
1027214 
961750 
961751 
470236 
470238 
535782 
535783 
240880 
240882 
11526 
798052 
798069 
732590 
732591 
994876 
568892 
437827 
437829 
208471 
208473 
929398 
929399 
765717 
700238 
700239 
405420 
176062 
176064 
962525 
536556 
897046 
897047 
733348 
733350 
733365 
667887 
373011 
143653 
930158 
864694 
1683961 
700998 
701013 
340600 
111244 
635534 
111246 
635535 
1684241 
832342 
832343 
308191 
308193 
78835 
78837 
1029150 
1029151 
603182 
603183 
865454 
799990 
799991 
275784 
46426 
46428 
996798 
996799 
570830 
570831 
833117 
767639 
472729 
472731 
243373 
14017 
14019 
1029924 
603942 
964447 
538478 
538479 
800765 
440320 
440322 
210966 
735286 
735287 
997556 
571588 
571604 
932094 
932095 
407911 
407913 
178555 
178557 
768412 
702934 
702935 
506451 
965204 
539236 
539253 
899743 
506563 
375502 
375504 
146146 
146148 
736046 
736061 
670582 
670583 
506798 
1686463 
506864 
932852 
343093 
343095 
867390 
867391 
113737 
113739 
507070 
703694 
703709 
638230 
638231 
507227 
310684 
310686 
900516 
81328 
835038 
835039 
671356 
507555 
1031846 
605878 
605879 
278275 
507661 
48919 
48921 
868150 
868164 
868165 
802687 
639005 
999494 
999495 
507979 
573526 
475222 
573527 
245866 
245868 
16510 
508077 
835796 
835798 
508126 
770334 
508231 
606636 
1032621 
606652 
442813 
442815 
213457 
213459 
967142 
541174 
541175 
803461 
737982 
737983 
410404 
410406 
181048 
181050 
574284 
574300 
934790 
508821 
508845 
508870 
508943 
771109 
705630 
705631 
377995 
377997 
148639 
148641 
967902 
541948 
902438 
902439 
509327 
738757 
345586 
345588 
673278 
116230 
509481 
935565 
870086 
870087 
509700 
313177 
313179 
83823 
640927 
837735 
280768 
280770 
51412 
51414 
674036 
674052 
1034542 
1034543 
608574 
870844 
805383 
477715 
477717 
248359 
248361 
19003 
1002190 
1002191 
576222 
576223 
838494 
445308 
215950 
215952 
773030 
773031 
1035302 
969839 
543870 
543871 
412897 
412899 
183541 
183543 
806142 
806156 
740678 
740679 
1002948 
1002964 
576997 
937487 
511518 
511519 
380488 
151132 
151134 
773790 
708326 
708327 
970612 
544645 
905135 
348081 
118723 
118725 
741452 
675974 
675975 
938246 
938260 
512276 
315670 
315672 
512292 
86314 
86316 
872782 
872783 
709100 
643622 
643623 
283261 
283263 
53905 
905909 
840430 
840431 
676749 
1037239 
611270 
611271 
480208 
480210 
250854 
21498 
873542 
808078 
447799 
218443 
218445 
1004886 
1004887 
578918 
578919 
841204 
775727 
415390 
415392 
186034 
186036 
1038012 
1038013 
612045 
972534 
546567 
743375 
382981 
382983 
153625 
153627 
1005646 
1005661 
579692 
940182 
940183 
514214 
514215 
776486 
776500 
350572 
711022 
711023 
121216 
121218 
973309 
547341 
907830 
907831 
744132 
318163 
318165 
88807 
88809 
678670 
678671 
940942 
514988 
875478 
875479 
285754 
56398 
56400 
711782 
646318 
646319 
908590 
908604 
843126 
482701 
482703 
253347 
23989 
23991 
679430 
613966 
613967 
876253 
450292 
450294 
220938 
810774 
810775 
1007582 
1007583 
581615 
417883 
417885 
188527 
1040555 
778422 
778423 
614724 
1040720 
1040736 
975230 
975231 
549262 
385474 
385476 
156118 
811534 
811549 
746071 
942879 
353065 
353067 
516910 
516911 
123709 
779180 
779182 
779197 
713719 
975990 
550020 
320656 
320658 
91300 
91302 
910526 
910527 
746828 
746844 
681366 
681367 
288247 
288249 
58891 
58893 
943652 
517668 
878174 
878175 
714476 
714492 
649014 
485194 
255838 
255840 
26482 
26484 
911284 
911300 
845823 
682124 
452785 
452787 
223429 
223431 
616662 
813470 
420376 
649772 
191022 
649788 
649789 
1010278 
1010279 
584310 
584311 
846580 
1043189 
781118 
781119 
387967 
387969 
158611 
158613 
617437 
977926 
977927 
551958 
551959 
814244 
748766 
748767 
355558 
355560 
126202 
126204 
1011036 
585070 
945574 
945575 
519606 
781876 
781893 
323149 
323151 
93793 
93795 
716415 
552718 
552732 
913222 
913223 
290742 
61384 
61386 
684062 
684063 
520381 
1044698 
880871 
487687 
487689 
258331 
258333 
28975 
28977 
717172 
651710 
651711 
913996 
455280 
225922 
225924 
848518 
848519 
684836 
684837 
619358 
619359 
1045357 
422871 
881630 
193513 
193515 
881644 
816166 
816167 
1012975 
587006 
587007 
390460 
390462 
161104 
161106 
849276 
783814 
783815 
620116 
980622 
980623 
554654 
554655 
358051 
358053 
128697 
816926 
816941 
751462 
751463 
1013732 
1013749 
587781 
325642 
96286 
96288 
948270 
948271 
522302 
522303 
784574 
719110 
719111 
293233 
981380 
63877 
63879 
981396 
555429 
915918 
915919 
686758 
686759 
490180 
490182 
260824 
260826 
31468 
31470 
949028 
949044 
523076 
883567 
457771 
228415 
228417 
654406 
654407 
916693 
851214 
851215 
425362 
425364 
196006 
196008 
687532 
622054 
622055 
818863 
392953 
163597 
163599 
655180 
1015670 
589702 
589703 
)

// ************************************************************************* //
